0.0,2.0107784321333075,12.534710995050224,6.013328745709962,11.922012223054647,8.896806343958628,8.977825618593108,6.261391530776736,6.804191883996418,15.273455506855768,12.12440125995466,2.4563445574695275,6.748561712034819,9.071446241549523,0.972464623154299,7.812718014495728,1.0486250178357897,7.353141403663212,12.526035079946672,7.8075566445256515,8.827584760064003,12.870248970967506,7.887827590555006,1.5842527672990498,8.140932471501012,12.538911376792532,7.492895795663153,8.793119249820329,8.894467777526682,1.1216838703744605,8.387949046631586,6.7080574905220365,2.20509646604969,2.3295673963045074,7.670739279624421,0.726720898936622,11.343232007785584,9.318444178895836,11.995476681010123,8.818333817432089,7.953278979606919,6.920050256192224,1.795543323962153,6.979355832246844,2.7273418199491175,7.786183386366317,11.771880116515623,6.130360881640911,11.489473502650652,2.269050357905066,1.2272099518788684,7.856726621353068,11.777213137307058,6.779028959242974,1.3678212426822667,1.6446545075785342,2.5086415301482794,7.613364503964729,0.8299775298148739,7.2135644416926175,1.9695537732223567,14.735975066298714,8.392749597392632,8.119167856375658,9.172930115079003,0.5343559762783467,8.24965333079891,9.029238634342459,5.8901678858034385,1.1933141179891782,13.626589582546035,7.253321786328632,8.275278748577994,9.482500639412505,7.546232374079485,8.814429420285332,14.142431165811265,7.278236665572771,11.771765864711458,8.901162471095626,12.370858031837647,1.2773129724922463,8.046576769307585,7.941331004060559,0.8498873576621084,6.766028857568787,0.7775160165201814,9.40824639343985,2.3620084722565013,7.32300949570606,8.791154965933615,6.641511426124651,11.7298911833529,0.3056544421158694,2.185134962289695,0.7405870758160765,8.775206214390083,12.21902379496885,0.5057047855236374,1.428059992075866,9.239322791007467,12.240050813733653,7.281309312896685,0.7516374404367847,12.698534967381772,14.376383575399286,7.253545709164668,8.87371510613979,2.2376488110395862,6.463964931790835,0.9950239915122312,13.543139207665776,8.330512962041766,12.956267024445411,2.8325577894199907,7.011683261301749,6.738000368119114,7.208116619000406,2.057827413590435,0.7988100318203176
2.0107784321333075,0.0,12.843798709427936,8.022278157754778,12.250840105070921,8.457679245577348,10.98436909241893,8.272143595025309,8.76938140628214,15.479090105408122,12.338994086266998,2.936157742498437,8.749642880121542,11.050927331425724,1.1175357064955496,9.793280481371799,2.570260828531121,9.336396483692035,12.570405967210027,9.81810035239851,10.794188103363942,13.04792566231593,9.89733564574994,2.869482574824305,10.132155589702311,12.848301747019994,9.460978921552792,10.796180376375604,8.513506349724612,1.8226621808551737,10.394688872179229,6.137168267716311,1.6084281716431819,1.7093706832413804,7.585483899673551,1.857382107201774,11.555382791278207,11.31831021939515,12.55159269717246,8.756927869559934,9.963557858645725,8.920767768573867,2.5573927718299294,8.984996165233476,2.3249929112282017,9.789748185072034,12.134970117032788,8.111347419144968,11.87771716092276,2.9968669133092214,1.5613638895590674,7.561235097955074,12.082656073044047,8.734480705919562,2.9343526926755352,3.078912329496857,2.351729484090146,9.490515849758422,1.6771521348674872,9.198582900185928,3.8321555228892015,14.997829679563996,10.342111070432475,10.064267460900378,9.00876577338357,2.165866391092886,10.253807321056469,10.994810103459319,7.900747949732585,1.6626720438584264,14.165351864370665,9.2568344577197,8.140273280287063,9.466790501623025,9.541252479944461,10.80221649685933,14.44950092125322,9.288201432345577,11.9610276292276,8.678475438465826,12.545853271215849,1.03208900446861,7.411223568069279,9.947724197302437,2.4185190844391897,8.74754580703944,2.761451383060471,11.398034040000702,2.7631211255738366,9.324092323708603,10.784918725044927,6.496789246801304,11.978668660405413,1.7869707635620449,2.201409110935962,1.6692319023784505,10.76792505470049,12.658446651547369,2.1293483628955845,1.479561102631304,11.232668986038334,12.474548350947938,9.291417172740504,2.393382510546454,13.077356879228612,14.637990856010173,9.184797886910358,10.884493399637172,3.0591927351863926,8.458170078933726,2.817585192306502,13.815657566562743,10.335432253577133,13.230887061673831,2.578999172777149,9.021283872971201,8.74872440023136,9.17646585671193,2.6406037663115893,1.236072548791367
12.534710995050224,12.843798709427936,0.0,13.75971068131717,0.6171813525811506,5.612663133149184,15.391428467519447,13.54869068952127,15.224997685733609,2.7896341335427484,0.7479043518804457,10.15399319768718,14.450818384888889,16.32694602822363,12.92006954762502,15.537856908423182,11.530224312061558,15.220901750344048,1.6736490193485762,14.375834271404823,16.42145113772467,0.8865549957569371,14.570118867291773,10.98356085130871,15.484643853042066,0.004774005348174914,15.575904092036527,15.466498996332623,5.388528806878271,11.580631114679571,15.048149520293432,7.444209549443484,11.237198646256902,11.13447020942192,5.442114686503014,11.89110650980403,1.3752947733105219,15.911079446833167,1.6242726788449904,4.377249083602516,14.501872265581937,14.547549019793607,10.771610655013307,14.381335452113914,10.519147532277945,14.884936488177345,0.8108645365527716,14.613775170835494,1.1202260106542399,10.279096693747192,11.673655880920878,5.822349244981865,0.7621428230159855,15.346253263493544,11.310126448754211,11.004399225224278,10.513448128059427,16.67310788225544,13.254614076701724,15.107140167481008,11.49744453728888,2.2075778135798774,16.41318614405989,16.296489498470248,4.41130183070494,12.002812979372353,15.109333877680324,16.569621566084948,13.352344110350897,11.625990003674957,1.9675957239455852,14.610905925289137,5.036622149978948,3.684281270654008,15.048005237288855,15.97379537276361,1.6111591271112193,14.21925839431923,1.106621106090481,4.811102877530912,0.8757680256336776,12.117194006304901,6.828738525193913,14.828309297030623,11.712496966998776,14.93422491994614,12.26360344393942,16.29042334795666,10.29045876829497,14.739298920016221,15.797262409489576,6.493258059215596,0.916387849361052,12.74967194079936,10.725412652080403,11.991322474603276,15.818025514692554,0.8660047838429875,12.029436495750303,11.608015101158665,16.082943764838237,0.5750293842518764,14.201697171605685,11.81971142601404,0.49224038905193906,1.8513494125141996,15.921474673931252,14.798536113595487,10.29937351500057,14.508419499573264,11.816947437363767,1.0220755538894417,15.116885601939485,0.46294637278957573,10.266086855964701,14.13656346202845,13.827331546414763,15.406132696800507,10.543676139374396,12.769067453040563
6.013328745709962,8.022278157754778,13.75971068131717,0.0,13.178299475982366,12.455316107188207,2.96911889482032,0.41959562515326043,1.466567485297079,16.482341297274413,13.665184514618076,6.926854933067492,0.8365218422886888,3.2421289932110384,6.9360369117156875,2.0561196108086297,5.7854331473347775,1.6219357758427306,14.464422088099763,1.807689121954967,3.114189688383414,14.413480636599237,1.8756284181113096,5.878316753050451,2.2543154308708573,13.762497988984537,1.9222445433281723,2.801489752120036,12.336348015312145,6.627772516507774,2.3794355079298013,10.896856316222216,7.79822392599321,7.882429591720116,10.744168871059049,6.35889460405665,13.004364233752284,3.34142379353216,12.582406831791381,11.59276359011826,1.9472280955693053,0.9973297307028071,6.5279094698351745,0.9878474205072927,7.943053571541337,1.8002899391810043,12.954769405526653,0.9128401161201876,12.645645925984663,6.578865685829942,6.893763955487613,11.315975169026489,13.119880043382771,1.5874121898327893,5.539292101104218,5.6207854001355155,7.623300648376573,2.9150098002889995,6.494567859705596,1.481096992225378,4.521711219508364,15.837967728923783,2.869988876737337,2.6754274922481267,12.109040320907573,5.972918574951038,2.2551337151153406,3.3103931477176656,0.40897629663388013,6.8000810149623465,14.03945841022156,1.2779585345367728,11.320381275837704,12.02598398246685,1.652548925836751,2.9306306212904896,15.177912053822268,1.2699758941121158,13.43010052011732,12.012545555202982,13.984948408790808,7.203741363520727,12.108922930979867,1.9355242812599773,5.84148670180129,1.1927128276136227,5.292496008352824,3.4942029555291714,7.003126388341672,1.3720180185518573,2.8623491878822644,10.092635395593714,13.23452581010409,6.241418802093143,7.345277220850933,6.515363672220368,2.854614183873497,13.116997929305485,6.000916989740976,7.10287427666421,3.3045035674656207,13.710970908864933,1.2749346160179353,5.813173928469184,13.703960430668664,15.515965207571867,2.1635403662889927,2.8833142213456893,6.447544179244352,0.7579972776820223,5.373734209393299,14.744156058620433,2.33099260220705,14.222580632142714,7.86351760498133,1.0006555926371339,0.7699910045182836,1.697029208365839,6.745121996845466,6.791689734280298
11.922012223054647,12.250840105070921,0.6171813525811506,13.178299475982366,0.0,5.200083752524242,14.854345259206363,12.973141532659568,14.644327848622567,3.404592287102952,0.7121920910763266,9.546415168470883,13.876722668338308,15.77821867287853,12.314275658300883,14.972615323656905,10.915833756392457,14.650293712212779,1.8100197820378519,13.824226677926571,15.865811153379905,1.290597149742035,14.018087955452332,10.369034027574187,14.926936225213428,0.6210923435663134,15.00391243088725,14.92385202444957,4.965782965159407,10.972467994925054,14.501647993577448,6.933968885040659,10.643298552267604,10.541874306079395,4.900829556226393,11.28077717414132,0.9398463154094586,15.374622171732737,1.423633011913297,3.873400742270387,13.952121871331718,13.975734904950619,10.161472512585602,13.812274062314696,9.927067509984518,14.326989955093493,0.24703621607317755,14.02762965186908,0.5391863986077685,9.668275333494801,11.06818283322333,5.324471508200813,0.2113155416404782,14.763917138332094,10.694384163618142,10.38865389829171,9.916165853357866,16.090083067645473,12.644664965989818,14.53511847881897,10.880420751035649,2.824454178623387,15.84838205820993,15.727720032692654,3.958699077402664,11.389811616880468,14.558859048721049,16.016270684616014,12.771551358774232,11.019530726153576,2.2832269654078847,14.044942906462689,4.526295859079245,3.2037292307070784,14.48316516861393,15.424376710933826,2.220545857074037,13.657823288891272,0.8667735955670566,4.355201417915097,1.017121892995409,11.515056671901997,6.38693198470757,14.274416586640232,11.098559873053192,14.355802207066807,11.647545733114264,15.750241335379958,9.684169559427877,14.173374231719343,15.249850145566395,5.936324352747159,0.5348777187469901,12.138371751985328,10.124480123723519,11.382309030909676,15.269946434468926,0.7725608556905952,11.41661879357998,11.004835002304006,15.541899724079057,0.6396070505114237,13.640502864566379,11.205689463718688,0.8636252472605398,2.468515853032157,15.341099988009331,14.267280856006217,9.687440539957764,13.92871313645191,11.200975928168354,1.6387263532044516,14.568158444343505,1.0669455012299092,9.672189036718997,13.57048107281576,13.258605023474663,14.830737759868185,9.935163131016946,12.162125094429951
8.896806343958628,8.457679245577348,5.612663133149184,12.455316107188207,5.200083752524242,0.0,14.91758286086316,12.412028120429893,13.829863629624592,7.679546225857758,4.899587379346966,6.4975835708440295,13.27691774481872,15.577610419694986,8.91546937484424,14.493577538781706,8.112968230926299,14.075172633892164,4.634491293610135,13.698340649055124,15.52835098159914,5.396515005720638,13.869842882556496,7.640817643314873,14.605885023331785,5.617356631563363,14.374131742585115,14.885683351873496,0.2581255954663895,7.7846832073388414,14.422072247296287,2.329463033963041,6.991090870664657,6.863658212841221,1.7895689803719212,8.171594340558393,4.26816208858332,15.416117833984883,6.258060656151313,1.6568706613941666,13.851577954900304,13.421118433749536,7.160882919866918,13.33166594822715,6.295412485112171,14.041658542376133,5.229742141611257,13.112365366134519,5.1276339024644075,6.770468478016998,7.7554479680616355,1.1420889296735641,4.989056312609759,13.898723039113031,8.053445622387477,7.784738958458842,6.4351251015421225,15.126301903954452,9.407244534801245,13.935823021561538,8.69149124841394,7.369797515708343,15.325213878756275,15.125780868635099,1.2969053028461848,8.432145668575146,14.40193613978636,15.714703389887598,12.09951936539467,7.751872597218528,7.482534757246817,13.614364790950436,1.3734265574528317,2.0823617293529106,14.04533611751971,15.231820089521351,6.994471481516645,13.351314893624783,4.5126865996755825,0.9596319274264608,4.9554164829548535,8.040765628598557,1.264622321695951,14.072185472622534,8.238923713985844,13.6173691918207,8.947853591281632,15.705226849165994,6.5583778081447806,13.734276950147846,15.10510240290567,2.4021046626942306,4.71773409263256,9.010103037141468,6.7387222812400385,8.196914833695367,15.111676849281494,5.905993299665632,8.443839645201264,7.6103623493078585,15.493943350001336,5.072838108304505,13.340269347325306,8.342071759079637,6.032775822568346,7.040801385628916,14.489180869021345,14.467513003339018,6.854666436958937,13.189437640381957,8.533770709919851,6.334306509344177,14.443189254293173,5.832081989626323,6.119312737709703,13.173373214056532,12.829186294311173,14.133083475462325,6.879148533565511,8.82078812131776
8.977825618593108,10.98436909241893,15.391428467519447,2.96911889482032,14.854345259206363,14.91758286086316,0.0,2.778165536310433,2.550159180373055,17.982968665679902,15.422225845053774,9.810622435357711,2.2510116290171918,1.116603262789148,9.891232804871397,1.553328275949474,8.743624663786798,1.8740971853092832,16.329725963509258,1.2565948205610087,1.4373001913830745,16.134516769284215,1.1227456734823744,8.808776600414696,1.1026873127910326,15.393517034090573,1.9836588685557637,0.29110075744592545,14.771223013559712,9.590234864397116,0.5899739702765079,13.56829364519321,10.751564809181897,10.832166574651485,13.151911058911887,9.326757394516978,14.840934411419674,0.5209487332101023,14.030338397142762,13.871484375536987,1.098393191076996,2.0840560449097776,9.453261479969857,1.999835224180348,10.863869728458589,1.2073546367763301,14.615774118020562,2.99840857334935,14.315303971712876,9.466273191270474,9.858542559800062,13.797251817838296,14.832124580163228,2.6754045290729502,8.485333855550605,8.548172803422414,10.54222613674429,3.109176526821229,9.431992559527453,1.9712377196881248,7.462112256302073,17.32135857808907,1.8606610214074382,2.017092582627205,14.40983524844457,8.94161110036731,0.7458003764742286,1.4664984278792297,3.153350656657458,9.763810250609012,15.32360236392756,1.735598635603116,13.690428533023924,14.212243159570022,1.540511305047707,0.868124538776524,16.663527133095894,1.729575491745594,15.242823295801687,14.368445971777646,15.753243642488927,10.17285529043911,14.712529251691995,1.0366507062837298,8.8054539429589,2.409249196604119,8.26135487592509,0.9116488098709932,9.899848893170798,1.6848835053847524,0.6701107844444413,12.630370830885685,15.001039920893039,9.200194300779934,10.274985835702662,9.484121731792293,0.711434032158334,14.656587852767412,8.969782158031041,10.066388431373086,0.7190484723412661,15.439421629712848,1.7311797582353488,8.779383388283888,15.25228576853208,17.028551109909728,2.629897008608344,0.6528484383523766,9.33361166266297,2.5783799429822643,8.338689742270546,16.31668785601243,0.6573874400712962,15.846358366260134,10.768089806970272,1.9834809409508838,2.2934945453999753,2.1910920406643317,9.65743245573661,9.75123133250707
6.261391530776736,8.272143595025309,13.54869068952127,0.41959562515326043,12.973141532659568,12.412028120429893,2.778165536310433,0.0,1.7067082547837251,16.255985218703003,13.474271613283067,7.042218106253742,0.90722445006903,3.191404573906092,7.198444183956921,2.0893429861878596,5.97288309994067,1.7020252418048134,14.29361468983643,1.5545203367156128,3.1165512991375373,14.217954797833725,1.6578484744510134,6.030615752630386,2.2051542704221885,13.551374092478461,2.0412506104023156,2.644518280591818,12.285408808208993,6.822916279696869,2.197534664291981,10.916928320484006,7.976765360665989,8.05600240512689,10.68309668449939,6.570831507828347,12.825793325229244,3.193102649637988,12.341501809623947,11.501105934795856,1.705823133089304,1.0258907531199901,6.675397498654359,0.9199337150414674,8.086776628571805,1.6796138236086744,12.74673728057043,1.2709545338826969,12.438317303484812,6.696432185437637,7.094319316910075,11.27618344409734,12.920466460428147,1.849479880364397,5.708966284340887,5.770072363067661,7.765343346947315,3.163450631179268,6.776446538317829,1.5753546364950164,4.685020985671213,15.608192232716984,2.9462451755199797,2.784232832739223,12.023649692659005,6.190626815174415,2.105497088552229,3.3044765382283554,0.37653987206050327,6.998022794161528,13.779337416876675,1.2065758562525204,11.250649363206245,11.914085768897705,1.633320162485659,2.859494497213544,14.947433364807315,1.0487424852928022,13.248218671841332,11.940522035082866,13.79651944906481,7.426203517737115,12.107364063888404,1.7716932052585495,6.040979958757916,1.3961549218866656,5.52444189539761,3.39206586444912,7.127592326388659,1.3235013368961874,2.763779403963474,10.067182842969226,13.044363374784782,6.500036700469404,7.49692739570454,6.732883948890823,2.762075685149755,12.89061428332307,6.2202481936858565,7.300052242896494,3.192042796476013,13.515392208428468,1.0470303330146449,6.019195499336642,13.480078296780208,15.289944296774983,2.392070837144118,2.6126423409110036,6.5640738424783756,0.9930345200756941,5.576503723787336,14.52580856034053,2.170825458764305,14.01118315351914,7.994212987497556,0.8066588055010109,0.48553558794353274,1.857602545612208,6.881407685160682,7.04796171420925
6.804191883996418,8.76938140628214,15.224997685733609,1.466567485297079,14.644327848622567,13.829863629624592,2.550159180373055,1.7067082547837251,0.0,17.944123528116478,15.131683771459532,8.065779019052178,0.8870382131843955,2.2977177698741036,7.654949789124766,1.0677583028755808,6.76797908343097,0.6761092414001818,15.928289099646625,1.9227998653808926,2.0249073846157613,15.880046746063455,1.8370519047412088,6.948559571049272,1.484677957697197,15.227768509908564,0.6926269571644845,2.284851883306036,13.71973080155744,7.5731408625741645,2.0479529282356497,12.18818639404324,8.773455259968609,8.870199438615632,12.140563938994989,7.25970053790078,14.469770349358845,2.711963227756829,14.038050947948022,13.016064075621422,1.9685290591231779,0.8920032591776468,7.599349487644654,1.1254959090869172,9.006554019642504,1.4548958505100738,14.42045295651553,0.7316394137003415,14.111405490781898,7.717177540039356,7.819083800490854,12.688234113428658,14.586333656147447,0.17057495814391185,6.573423384509355,6.702767935220011,8.694171190467584,1.457987709558971,7.146309999047466,0.5944086879646064,5.595860635156249,17.298558197516865,1.6079987213335487,1.3538652759857646,13.526614166489644,6.864040524928311,1.8400146697765725,2.225904227930148,1.872785466802409,7.734538118331403,15.483545626417667,1.1224740578399197,12.724524434922678,13.463958381126389,1.0398473209222934,2.0923462011706655,16.63820828810609,1.5528353860371933,14.895914171797207,13.418063440850366,15.451322797486483,8.056846783845641,13.429773577047804,1.6815078667689063,6.789351108139607,0.32926953814921034,6.155933078969715,2.688087026726252,8.12138104253211,1.0643972835982545,2.1275676648220916,11.45011147071007,14.701003000450529,6.989171262584337,8.395939473863441,7.396052722928484,2.100472093456195,14.578556357713953,6.886422363871424,8.034799146496265,2.5542802372506306,15.17753505931844,1.5738300383715198,6.742815161198945,15.166334712504144,16.977801968640154,0.696973186672998,2.7986812693111487,7.5897070227189944,0.7192145015667442,6.32301577381182,16.20805578150745,1.9324474084366585,15.687828237724839,8.95861889418956,1.4206653137805192,1.584022315995293,0.4100400310740318,7.839840388826919,7.536246893476223
15.273455506855768,15.479090105408122,2.7896341335427484,16.482341297274413,3.404592287102952,7.679546225857758,17.982968665679902,16.255985218703003,17.944123528116478,0.0,3.1535659200894113,12.866989482592713,17.152922166076966,18.952124644103872,15.619081760951854,18.213445599465434,14.280906766923064,17.912260106163256,3.047226037808216,17.013705125784814,19.06736504957324,2.4312914160388805,17.2088100776163,13.735608366075637,18.13831552838892,2.7860053969881515,18.270707462949684,18.074938468322767,7.500826672838791,14.294287712823458,17.669252793709852,9.788488090181671,13.881409053247857,13.77299117681949,7.937892202102278,14.616340027893063,3.9384044919601484,18.49938820477718,3.952726983023203,6.79131202957838,17.133953360511995,17.24320728313964,13.497237176998004,17.069545343901304,13.157433254867135,17.54040143094756,3.5957206069952945,17.347889763331793,3.902017833338832,13.009234855245944,14.372991992393764,8.16403188665263,3.521547324934041,18.069732382527437,14.07106704137591,13.765540092228278,13.175572698074504,19.397333776246025,15.97613940317999,17.802623174553137,14.281287571442848,0.664629622120922,19.086259338779815,18.981216335668016,6.672353952787074,14.743932188418588,17.74223615511584,19.208392263936382,16.073829460520745,14.33053283035355,2.8765286853734304,17.289997895564134,7.444630367215319,6.069647457743724,17.723187103122935,18.601757921394118,1.3194531861991543,16.886089162089924,3.521280292872417,7.059562914651309,2.9332368485000107,14.798759906280752,8.943928210320713,17.471960384794546,14.459951707537076,17.64757627090443,15.026792949978528,18.88941196765155,12.996600366252856,17.418075557715365,18.419493722268648,9.022866857322654,3.543686135827088,15.479644050116384,13.404192580613419,14.709040902386816,18.442238226054744,3.365604058116008,14.769371615875562,14.29582022276549,18.685058719462422,3.033476977544401,16.86786956094341,14.567653331886701,2.779293986267235,0.9663856758849365,18.639144722821037,17.37370401044812,13.035817448620058,17.225697962996218,14.579574704379603,1.7689338766789533,17.744533337922235,2.3402979407016162,12.913501728718796,16.81678123745133,16.515487796111994,18.11065170244638,13.260855347945753,15.474433436930159
12.12440125995466,12.338994086266998,0.7479043518804457,13.665184514618076,0.7121920910763266,4.899587379346966,15.422225845053774,13.474271613283067,15.131683771459532,3.1535659200894113,0.0,9.713751270151139,14.380236266754522,16.3279724898505,12.465763688051027,15.493703368603548,11.137409389127143,15.16070763285034,1.097884954854651,14.370739735318033,16.403976890520006,0.765765147690661,14.563739390704741,10.593220668585163,15.462126223990708,0.7521646984236258,15.5110843718231,15.483596370441376,4.681543886719349,11.140950165518847,15.055810236583559,6.800786069393736,10.73779149470183,10.631003368434282,4.847748974944749,11.464227369730532,0.7853303245053191,15.943038071915316,2.1208162886204716,3.741865102589254,14.501560145051888,14.484154161140879,10.345444631477287,14.32664394116945,10.0151500934108,14.862221108536668,0.9445057736153103,14.501186470486749,1.1801312833333304,9.85854247999303,11.219576283951707,5.171408759296021,0.6281740297685943,15.24695784936578,10.93472955309551,10.629615635456226,10.027052277523678,16.570309545559518,12.823311440783682,15.042605251776019,11.181189694355256,2.6616640065828565,16.369691044945263,16.241155267296232,3.728350316030221,11.595878970277152,15.106642216206525,16.55826157879008,13.260423379334508,11.176973323133865,2.713698534578468,14.565367587648103,4.403557559450912,3.0318014730967446,15.005425558614846,15.973252743138342,2.159098760258572,14.187274499353547,0.3970377081965894,4.128230521316806,0.33371485951406304,11.647148823433852,6.1291886296026075,14.816737323589921,11.31469485210779,14.848894120540525,11.89171823448272,16.31308411772653,9.843053766012684,14.6937639889427,15.802046607473335,5.919174336121734,0.4311596464932492,12.328232169016974,10.252666097958896,11.555967656847569,15.821073238158071,1.41307685704329,11.620886623024827,11.143306045107973,16.10360987474459,0.17572087605741774,14.170416910148825,11.422580254312505,1.2281091180364412,2.3033620820155747,15.828621586338404,14.843562648081807,9.886876998033767,14.41908623232338,11.444312531929379,1.499765908071317,15.11875655513632,0.9446392518979878,9.768459307934588,14.09109616686359,13.774188040435833,15.330497704543525,10.107923626313669,12.320881263337574
2.4563445574695275,2.936157742498437,10.15399319768718,6.926854933067492,9.546415168470883,6.4975835708440295,9.810622435357711,7.042218106253742,8.065779019052178,12.866989482592713,9.713751270151139,0.0,7.752062557976101,10.16448931039654,2.772569602296464,8.94209881743545,1.6180272218327356,8.483549317493047,10.08197399880276,8.561165120672062,10.003222064134713,10.452016781017528,8.688135822560454,1.1919999879249323,9.179875637564152,10.158309157744831,8.708598948011915,9.686724190919685,6.478751318901692,1.4275311238655044,9.237062869658473,4.4078197770111025,1.4968740665180682,1.4786281854559058,5.215634189523554,1.7604011943669327,8.929767097050005,10.235269998157051,9.722960813344438,6.362004227666695,8.718308085289163,7.919128909976549,0.6681533772166054,7.9076202527580275,1.159795514578262,8.709776051820334,9.408538398319248,7.337632926087345,9.135140412419918,0.3490293493855866,1.5332196226443189,5.429410144701496,9.393026615141888,8.088815896209093,1.6114741283986052,1.3972177225593925,0.8625626198837887,9.156505694812607,3.1107033397664274,8.337898458726121,2.4796889071241233,12.344901124700772,9.665306399177506,9.419348972739344,6.719797985775098,1.9557771430193016,9.146763894873482,10.204150686625562,6.672790003300246,1.4763812215343612,11.34916330881525,8.200798054421215,5.821911876924183,7.028053325529579,8.575537335882432,9.857417681837484,11.764978727750574,8.087621283578859,9.353709034689555,6.454672820458906,9.950854778040242,2.0239461593339727,5.74078977761736,8.813792157203443,1.7419746934677318,7.9354731503329425,2.45398452111598,10.417536590333784,0.1784005466940076,8.298638566041307,9.785614269289924,4.1965616587793075,9.327697573173667,2.62855996365856,0.7887465280350276,1.8425584133654496,9.77940538272038,9.888974552607593,1.9725471040005742,1.5070189412339141,10.22355114058113,9.835175916094123,8.084102780747173,1.8460770384487668,10.344183488999231,11.98452114539695,8.641309438015913,9.549001447513087,0.4793385659462432,7.553056859207675,2.0548324024579836,11.152901101957859,9.213033492704081,10.565284125965011,0.986559636757843,7.848094873281391,7.522429739415604,8.43454971497462,0.3992088579585309,2.6162047555362307
6.748561712034819,8.749642880121542,14.450818384888889,0.8365218422886888,13.876722668338308,13.27691774481872,2.2510116290171918,0.90722445006903,0.8870382131843955,17.152922166076966,14.380236266754522,7.752062557976101,0.0,2.412469960999546,7.650754400401001,1.2215785215568722,6.5760517134234995,0.8025005185053703,15.200837777704855,1.26271902413368,2.2777715872386093,15.12322894326481,1.2547845253828267,6.689580931488143,1.4298897912751232,14.453474592874976,1.134243567166602,2.0477255797278997,13.155013433380613,7.410938127313403,1.6686276799100848,11.732534226324088,8.591372300016452,8.67875301507075,11.558302183958432,7.129037448893335,13.73283532204256,2.5699920627517625,13.23292855535899,12.391280911830426,1.3627271020076344,0.17190778695038464,7.340601148265532,0.3128235424330347,8.756081180611863,1.0448136991758645,13.6496948173464,0.8320130494812618,13.341474413985896,7.403617202629651,7.672175279676993,12.138662694941063,13.825184047190492,1.0516856616769514,6.341816483579158,6.433929723541297,8.437406056921873,2.306661351031113,7.183971207984135,0.6703265918773149,5.3302466121008,16.50387964198184,2.0538442124368155,1.8801361793236273,12.911218306186358,6.739031067436693,1.5095397007158669,2.4738742538589884,1.1785992213587364,7.580744213299057,14.659510747386028,0.5167588180280196,12.130590851368535,12.811703571418201,0.8241376044345239,2.11017023012568,15.842934037217802,0.770060871269861,14.155060553314762,12.821742098668734,14.702759761546178,7.962289634875032,12.94181975870801,1.2247337653984796,6.623146621008952,0.5578079104129426,6.047589901670064,2.6863247405657344,7.825118142633796,0.574492613350595,2.057737996404334,10.919687472858199,13.950442355944366,6.963298831048517,8.154937245684891,7.28015653909097,2.04627689105888,13.788045462882744,6.765479487381987,7.883553228019486,2.504730457815443,14.420702781973167,0.787422686237536,6.589740445451528,14.378305176197927,16.18713059428573,1.528679721274017,2.2958834311520606,7.272741671887141,0.36729181507253333,6.154195875964657,15.425725303827111,1.5947067265982824,14.913160752555783,8.682411072214386,0.5673612814654455,0.6979308192054599,0.9584269565143003,7.562647674880506,7.514574836808102
9.071446241549523,11.050927331425724,16.32694602822363,3.2421289932110384,15.77821867287853,15.577610419694986,1.116603262789148,3.191404573906092,2.2977177698741036,18.952124644103872,16.3279724898505,10.16448931039654,2.412469960999546,0.0,9.93926897045604,1.2587395046843624,8.965193977624823,1.7196531079510942,17.20930730888764,1.9587713591548195,0.4138468910520659,17.05088385644132,1.7676570368825877,9.096104505116296,0.9900830414087602,16.329198058745497,1.6080028125253996,0.918525775423528,15.444054013142184,9.790603691676777,1.28339867319073,14.108185660168077,10.980095300123274,11.070722218312573,13.833495081365236,9.494422568568318,15.724568264386752,0.7781011781870827,15.000819356354882,14.609211720595273,1.8264900771321453,2.246188337272692,9.747737898899452,2.280200987021089,11.162896405625315,1.5361503479827645,15.542486935136582,2.9411903585234596,15.239124621139723,9.816004755043528,10.045870703315654,14.445732266413174,15.747316706085002,2.3614819929143778,8.742099426348009,8.841791598707946,10.845064676812095,2.311079522829448,9.438470636072292,1.8613572976350574,7.736031896015032,18.292750798609262,0.9763427138724224,1.2304056101781775,15.140151629568491,9.100933424435254,1.2223134057405245,0.36074344888754806,3.5356360144795427,9.957236474145143,16.327489337267927,1.9877457200492308,14.390032468779905,14.985679459594557,1.589836549642569,0.35564769373201477,17.63315057758633,2.2286490090513253,16.133844780523642,15.075780788258337,16.656986693906788,10.310519491890698,15.296484873084266,1.5280108709318916,9.002973335558695,2.3054245888292675,8.399455641048553,0.4726844816682679,10.236878097781991,1.8784861132533246,0.5340797959352784,13.247413977429462,15.903296524846601,9.266621580812812,10.559502927205324,9.638583665057576,0.5099007184922875,15.610260122880357,9.125439580774117,10.259434225076085,0.48590167852356786,16.352289283951333,2.2407001994826965,8.964117762572855,16.205708675937544,17.99345942591324,2.074672798306136,1.763215311098889,9.685175624670766,2.633375314930344,8.53403379297488,17.267488668299517,1.21011101405794,16.784790959649627,11.092807782039936,2.4071699272184235,2.7516689097353777,1.8877048598900528,9.972572946972182,9.815770418800804
0.972464623154299,1.1175357064955496,12.92006954762502,6.9360369117156875,12.314275658300883,8.91546937484424,9.891232804871397,7.198444183956921,7.654949789124766,15.619081760951854,12.465763688051027,2.772569602296464,7.650754400401001,9.93926897045604,0.0,8.68234110564098,1.8114136078779106,8.226578052115782,12.790665276412744,8.737702133396631,9.67949654375886,13.197159373673236,8.811620413515811,2.258687006277168,9.025566252477933,12.924418651639758,8.346890736381532,9.698343603917587,8.941252075929961,1.3643402187926617,9.302139111646934,6.643782257725275,1.9404371113860406,2.0715034165937447,7.8491496312418,1.1561241464490948,11.680706219084168,10.217124292765154,12.488534308770838,9.01665650532483,8.881214211228473,7.821427630027623,2.2020462888764145,7.891407652144937,2.6200578276582758,8.69294011886458,12.178979741082612,7.001298879980918,11.906823379592945,2.699343916473868,1.2466878673257982,7.936912511094836,12.158477535761968,7.618582799066333,2.1774829450638524,2.4011361544656165,2.504026974392947,8.376025986509578,0.6007117054825326,8.089508620318623,2.9215730590472213,15.10583314330844,9.225319695296163,8.947209432281596,9.325076027608864,1.30314154474755,9.157502599739434,9.879897646090521,6.8299671770298795,1.29623217850414,14.116506335283967,8.160246516092426,8.435126492465534,9.706259212400965,8.437142785195924,9.693723760325259,14.531228265760802,8.204628488659633,12.100388848358953,9.023821732508866,12.69500007925632,0.8750528388415967,7.963291064685669,8.85479321275321,1.620936208623636,7.63735547559684,1.7499424246383501,10.290296948685942,2.630325058457139,8.224871248302897,9.679523412715671,6.7813614293736855,12.085409054307782,0.7009958120618783,2.2341898676733187,0.9970029853543048,9.661925844842761,12.661516321470526,1.2632283445629815,1.3345686034469144,10.126879780521467,12.590826159119091,8.208520869950464,1.5574253481444331,13.115567942465823,14.745307490036346,8.067295855562628,9.807936448649277,2.7141683878525757,7.354125231006284,1.9153354918457344,13.914906901091816,9.240097568273617,13.327366147280594,2.8073312686909726,7.936403718233042,7.6711417002373885,8.062518233792979,2.394147499154033,0.19661445184531975
7.812718014495728,9.793280481371799,15.537856908423182,2.0561196108086297,14.972615323656905,14.493577538781706,1.553328275949474,2.0893429861878596,1.0677583028755808,18.213445599465434,15.493703368603548,8.94209881743545,1.2215785215568722,1.2587395046843624,8.68234110564098,0.0,7.715593840605929,0.46327053402609336,16.33655692070857,1.3838407133659538,1.062794075925654,16.230107068933837,1.2157645010545215,7.85856323428893,0.45068328647839856,15.540363740689068,0.4311516082600251,1.2698841762826714,14.3697089029421,8.537381285191183,1.1562114114711275,12.952940357639278,9.729449654521163,9.821434304363692,12.769960833423992,8.238272882185438,14.861422607203789,1.6518897813063782,14.276346183798935,13.590000606548626,1.34268735942481,1.0725299269524702,8.510592511986525,1.1811054057473838,9.924645776113609,0.7763158607365767,14.742051861294936,1.682580959630615,14.43526835173505,8.593169000187487,8.791094125281983,13.356096925329005,14.928684700424743,1.161980560375146,7.498836417062076,7.606248809109575,9.608094530435771,1.6807396019187366,8.184899593607799,0.6075669023780025,6.498700182860607,17.559771190863902,0.876011372382652,0.7899674193491246,14.112936404184747,7.844386464964847,0.9420835425978762,1.2625486614455177,2.394558970562763,8.70313065290806,15.664998950516335,0.9283485814113362,13.339127549567664,13.998682915456088,0.4902686363565132,1.0262066095263234,16.898639555315413,1.3350215521388695,15.279463759193543,14.029322046806557,15.818886750118185,9.052347931035655,14.16339797226413,0.9581057055370721,7.750133585323616,1.04668942362708,7.141953057524632,1.6239254760718396,9.009516350311294,0.7999814283314911,1.0634574314820113,12.139579138075693,15.065325956918237,8.008519462663577,9.318941849881593,8.381443516605042,1.0347541690874829,14.853624644875305,7.868623940077669,9.005083121200617,1.4865221953048013,15.528325551395474,1.3544969263019122,7.709897184178977,15.446670451387781,17.249443770662783,1.0873532243972273,1.9371514564633023,8.46319521091033,1.3903082745064985,7.28143902022302,16.50081768359521,1.0234519722654958,15.999020133473095,9.86072382823171,1.4026383148280952,1.7246097146365424,0.6685626784240142,8.739960448908805,8.55789798685248
1.0486250178357897,2.570260828531121,11.530224312061558,5.7854331473347775,10.915833756392457,8.112968230926299,8.743624663786798,5.97288309994067,6.76797908343097,14.280906766923064,11.137409389127143,1.6180272218327356,6.5760517134234995,8.965193977624823,1.8114136078779106,7.715593840605929,0.0,7.252358854475987,11.573040318157563,7.52591250328957,8.76218231021901,11.888141495387814,7.62883231952208,0.5473395749777028,8.000401961384757,11.534366597026613,7.438416977245174,8.586423163176573,8.089839269867445,0.8564121851622782,8.1566774690701,6.016044978216778,2.0155214553773364,2.105841216621043,6.785813563951688,0.7146436932211103,10.359215306781218,9.126746826113301,10.960421058362563,7.91369140725677,7.67841945108726,6.747359118216623,0.9702504858815598,6.7720799853133355,2.274082804644601,7.585279951673562,10.760786446247947,6.056818520351642,10.475344204282914,1.350722438937164,1.1379911765216986,7.036594161513507,10.775189126508032,6.76912556184443,0.37090154749430615,0.6033476870176316,1.9809413073117546,7.7441735069974795,1.8631788371346591,7.108240516066898,1.3184706821496661,13.734793266536025,8.375757171361323,8.11523123454439,8.29470290793998,0.5325416589448239,8.040165368878343,8.964769930833905,5.596343965084181,1.0359569311446124,12.591330193806952,7.058658938270666,7.397719139616269,8.55995662575795,7.395465815266403,8.681162063414083,13.135079964914327,7.016991662733335,10.790725936742954,8.043671255989482,11.39071060807412,1.5673606211349158,7.3522272652219165,7.717159979159497,0.2009850037828172,6.6797383371485335,0.8359584840044115,9.262257403907538,1.5796530051351654,7.143063549950753,8.633569140380123,5.7921830655558155,10.737797204030558,1.3225645425812396,1.6611059156396117,0.9034650336109523,8.622322530513182,11.196470484821289,0.5698977165133361,1.333691191137816,9.079869740956434,11.249059040152535,7.016976250928735,0.29783027547735513,11.683201412930092,13.375876737485308,7.29163194993816,8.566048049113231,1.285370577793847,6.3318310973793634,0.46707393864044544,12.54243402363739,8.114705977592118,11.956473809455904,2.2806626755453774,6.760146292493746,6.458154944319608,7.1567972675376685,1.254393618287361,1.6149774322234658
7.353141403663212,9.336396483692035,15.220901750344048,1.6219357758427306,14.650293712212779,14.075172633892164,1.8740971853092832,1.7020252418048134,0.6761092414001818,17.912260106163256,15.16070763285034,8.483549317493047,0.8025005185053703,1.7196531079510942,8.226578052115782,0.46327053402609336,7.252358854475987,0.0,15.989336937899864,1.3623833898322206,1.5197181732868121,15.901293283364684,1.2399218622284796,7.396862087708478,0.8235499896561838,15.223497238909726,0.3654564213719286,1.610456399297391,13.95453667718572,8.074187406820112,1.379752476091605,12.512435876066771,9.266180708287363,9.35820004261295,12.359184062006237,7.775594591067607,14.518729231699284,2.0535003241797956,13.983954514031584,13.193777427487985,1.3746543831928855,0.6781704495282355,8.048914851133354,0.8441440726854605,9.462695174676629,0.8184271035070951,14.421804084439545,1.2252876640157944,14.114108015026982,8.134565617833932,8.328092304197284,12.936333194289682,14.601754572168675,0.8084800004540987,7.036222579710722,7.144951784743071,9.146380679013202,1.6964094263563347,7.732966306928665,0.14565848062553405,6.0371754100355,17.26110794705666,1.251822676950943,1.0831776662766766,13.713673962335756,7.381844826124538,1.168724849451687,1.720977446428404,1.9801561898522348,8.240027921233219,15.393406271809187,0.6700442897480946,12.932282864495615,13.613267180345753,0.39263024701641364,1.4694024392544285,16.599970873632085,1.133136007882896,14.939520404029278,13.623601476509617,15.484266056372164,8.590879577169817,13.729395070338638,1.0438226247180378,7.286908581279495,0.5895550180485076,6.679893180497881,2.067854419443293,8.54980092269077,0.558023755207203,1.4781919204409684,11.714410243278389,14.731386527481183,7.550934466564597,8.85664530730313,7.919175103775389,1.4547630093145663,14.548974499122266,7.406194248534052,8.542015732722676,1.9169070698557482,15.198958809648309,1.1547546698971052,7.246801013427333,15.140551379491935,16.947094313924826,0.9660042942809051,2.1432485188070602,8.004821035099653,0.9304968071806957,6.818198254510974,16.191010674296923,1.2606554372527392,15.682836338995582,9.39992206466731,1.1154252596362875,1.3972279737172288,0.3631305775872886,8.279143528019961,8.100707968694891
